1 1 1
2
3
4
5
6
7
8
9
10
11
12
13
14
15
16
17
18
19
20
1 2 1
2
3
4
5
6
7
8
1 1 0
2
3
4
5
6
7
8
9
10
11
12
13
14
15
16
1 2 0
2
3
4
5
6
7
8
9
10
11
12
1 2 1
2
3
4
5
6
1
2
3
4
5
6
7
8
9
10
1 1 1
2
3
4
5
6
7
8
9
10
11
12
13
14
1 2 0
2
3
4
5
6
7
8
1 1 0
2
3
4
5
6
1 1 1
2
3 2 1
4
1 1 0
2
3
4
1
2
3
4
5
6
7
8
9
10
11
12
1
2
3
4
5
6
7
8 2 0
9
10
11
12
13
14
15
16
1
2
3
4
5
6
1
2
3 1 1
4
5
1
2
3
1
2
3
4
5
1 
2
3
4
5
6
7
1
2 2 1
3
4
1
2
3
4
1
2
3 1 0
4
5
6
1
2
3
4
5
6
1
2
3
4
5
6
7
8
1
2 1 1
3
4
5
1
2
1
2
1
2
1
2
1 2 0
2
3
4
5
6
1
2
3
4
5
6
1
2
3
4
5
6
7
8
1
2
3 2 1
4
5
6
1
2
3
4
5
6
1
2
3
4
5
6
1
2
3
4
5
6
1 1 0
2
3
4
5
1
2
1
2
3
4
1
2
3 1 1
4
5
6
7
8
9
1
2
3
4
5
6
7
1
2
3
1
2
3
4 2 0
5
6
1
2
3
4
1
2
1
2
3
4
5
6
1 1 0
2
1
2
3
4
1
2
3
4
1
2
3
4
5
6
7
8
1 2 1
2
3
4
5
6
7
8
9
10
11
12
1
2
3
1
2
1
2
3
4
1
2
3
4
5
6
7
8
1 1 1
2
3
4
5
6
7
8
1
2
3
4
5
6
7
8
9
10
1
2
3
4
5
6
7
8
9
10
1
2
3
4
1
2
3
4
5
6
7
8
9
10
1
2
1
2
3
4
5
6
7
8
9
10
11
12
13
14
15
1
2
3
4
5
6
7
8
9
10
11
12
1
2
3
1
2
3
1
2
3
4
5
1
2
3
4
5
6
1
2
3
4
5
6
7
8
1
2
3
4
5
6
7
8
9
1
2
3
4
5
6
7
8
1
2
3
4
1
2
3
4
1
2
3
4
5
6
7
8
9
10
1
2
3
4
5
6
1
2
3
4
5
6
7
8
1
2
3
4
5
6
7
8
9
0
1
2
3
4
5
6
7
8
9
0
11
12
13
14
15
16
17
18
19
20
1
2
3
4
5
6
7
8
9
0
1
2
3
4
5
6
7
8
9
0
11
12
13
14
15
16
17
18
19
20
